CENTER_NAME,parcel_acres,residential_units_2019,sf_units_2019,mf_units_2019,ind_jobs_2019,rtl_jobs_2019,off_jobs_2019,ttl_jobs_2019,residential_units_2050,sf_units_2050,mf_units_2050,ind_jobs_2050,rtl_jobs_2050,off_jobs_2050,ttl_jobs_2050
12600 South Mountain View Corridor,171.11000000000004,1,1,0,7,39,10,56,80,10,70,461,789,1771,3021
21st and 21st,23.869999999999994,227,12,215,2,111,406,519,252,11,241,3,135,535,673
2300 East 3300 South,21.380000000000006,10,0,10,1,94,405,500,138,0,138,0,61,281,342
2600 South Center,117.35000000000007,269,1,268,81,1046,1413,2540,754,0,754,30,1434,1455,2919
2700 South Station,98.13999999999999,240,10,230,662,171,700,1533,1272,1,1271,204,136,565,905
4100 South Redwood,19.69999999999998,0,0,0,3,235,691,929,7,0,7,2,349,826,1177
4800 South Redwood,31.439999999999998,7,3,4,69,283,515,867,60,0,60,60,647,709,1416
5400 South Redwood,163.32000000000005,429,0,429,2,1810,1896,3708,1037,0,1037,3,2031,2550,4584
7th Street Sandy Point,23.48999999999999,58,3,55,4,248,251,503,58,0,58,4,411,305,720
900 East Station,16.509999999999998,106,0,106,39,316,1066,1421,106,0,106,37,286,1098,1421
9th and 9th Center,15.409999999999993,43,16,27,3,153,286,442,75,15,60,3,193,326,522
Alta Canyon Park Center,87.08,0,0,0,56,509,1445,2010,134,0,134,31,783,1395,2209
Antelope & Main Town Center,87.85,153,0,153,0,447,2905,3352,406,9,397,0,468,3396,3864
BYU,419.96000000000004,5,3,2,0,6,16108,16114,13,11,2,0,5,15157,15162
Bacchus Highway Center,192.09,0,0,0,10,1,6,17,105,86,19,24,29,155,208
Ballpark,421.01000000000033,1749,324,1425,1445,2784,6281,10510,6213,18,6195,517,1296,4219,6032
Bingham Junction,400.9100000000001,2469,200,2269,1588,1766,5216,8570,3080,199,2881,1288,1629,5550,8467
Bountiful 200 West,28.030000000000005,116,15,101,57,144,595,796,221,0,221,9,241,724,974
Bountiful 500 South,82.00000000000003,302,5,297,61,538,1491,2090,799,0,799,16,515,1681,2212
Bountiful Downtown,61.70999999999999,150,25,125,151,255,1924,2330,526,4,522,84,232,1810,2126
Business Depot Ogden,1615.3300000000006,34,34,0,5045,1168,3927,10140,34,34,0,5019,1060,4165,10244
Canyon Rim Center,27.19,0,0,0,0,647,259,906,314,0,314,3,226,275,504
Cascade Village,40.839999999999996,0,0,0,0,0,0,0,105,0,105,4,103,76,183
Centerville Downtown,251.3499999999997,727,117,610,43,2589,2932,5564,2693,83,2610,6,1312,1568,2886
Church & Hwy 193 Town Center,50.36000000000001,120,4,116,2,139,481,622,346,14,332,0,102,467,569
Clinton Town Center,414.03999999999894,379,178,201,45,1731,2031,3807,4033,110,3923,41,2316,3100,5457
Cold Springs Center,79.80999999999999,0,0,0,0,0,0,0,524,0,524,26,336,466,828
Copperton Community Center,8.87,16,0,16,1,0,18,19,35,1,34,2,0,19,21
Cottonwood Heights Fort Union,116.30000000000007,288,21,267,98,617,1931,2646,764,3,761,98,1122,2126,3346
Cottonwood Village,18.570000000000004,76,0,76,7,161,185,353,177,0,177,1,155,625,781
Courthouse Downtown,36.18000000000001,115,46,69,8,5,1193,1206,221,21,200,9,8,1031,1048
Crossroads,522.1399999999993,178,113,65,34,595,299,928,178,113,65,51,746,1550,2347
Daybreak,777.7799999999987,0,0,0,238,595,301,1134,7230,0,7230,853,3747,25862,30462
Decker Lake Center,70.6,425,0,425,0,46,884,930,902,0,902,0,53,1044,1097
Downtown Clearfield,529.3300000000002,1708,156,1552,72,688,4242,5002,4857,3,4854,150,1406,5871,7427
Downtown Kaysville,210.67,553,27,526,241,950,2726,3917,1198,4,1194,110,978,2661,3749
Downtown Provo,1402.5600000000056,9601,1220,8381,1257,6116,33920,41293,14006,1157,12849,1287,6336,46002,53625
Downtown Riverton,248.76999999999995,742,58,684,59,497,1323,1879,1829,8,1821,33,730,2189,2952
Downtown South Salt Lake,175.43,319,28,291,969,2159,3624,6752,1895,1,1894,573,1907,4743,7223
Downtown Springville,349.09000000000117,615,231,384,46,871,3563,4480,1257,282,975,46,936,3786,4768
Draper City Center,238.0800000000001,199,81,118,408,1137,2819,4364,2642,55,2587,259,1009,2673,3941
Draper Kimballs Lane Station,81.0,362,54,308,0,39,74,113,517,41,476,0,33,95,128
Eagle Mountain,496.5599999999997,250,250,0,45,71,159,275,641,636,5,66,404,938,1408
East Antelope Center,160.4999999999999,422,12,410,196,350,797,1343,661,4,657,442,1141,3211,4794
East Bay,393.9,0,0,0,971,116,1526,2613,1687,0,1687,856,106,1634,2596
East Gate Business Center,430.6000000000002,5,1,4,428,52,376,856,7,3,4,524,69,1403,1996
East Park Lane,89.7,3,3,0,0,146,270,416,645,85,560,3,239,931,1173
Fairbourne Station,160.14000000000007,631,24,607,43,1633,1897,3573,1746,15,1731,27,1647,2240,3914
Falcon Hill,494.0,0,0,0,46,4,4940,4990,0,0,0,2475,4,10630,13109
Farr West 2700 North,111.17000000000004,9,9,0,0,22,135,157,272,38,234,0,31,141,172
Fashion Place West,311.9599999999997,631,372,259,615,2809,1836,5260,399,143,256,565,5105,3102,8772
Fireclay Center,90.89000000000003,1290,2,1288,103,251,875,1229,1724,0,1724,41,132,785,958
Five Points,316.03999999999985,881,85,796,76,1145,1542,2763,1504,55,1449,65,1545,1975,3585
Fore Lakes Center,225.9,1122,9,1113,11,63,534,608,1361,7,1354,24,258,499,781
Fort Union Canyon Center,17.159999999999997,60,19,41,0,93,121,214,76,19,57,1,164,208,373
Foxboro,57.14999999999999,266,2,264,10,103,1073,1186,369,0,369,42,128,1305,1475
Freeport Center,1296.809999999999,18,17,1,8225,308,2521,11054,17,16,1,8294,562,3480,12336
Gardner Village,34.13,280,0,280,17,136,377,530,396,0,396,8,117,317,442
Gateway Crossing,52.709999999999994,283,19,264,60,199,649,908,405,1,404,36,286,704,1026
Gentile & Fairfield Town Center,68.59,502,7,495,21,190,403,614,636,5,631,8,146,307,461
Glendale Center,8.8,44,0,44,17,30,164,211,57,0,57,18,42,206,266
Gordon & Fairfield Town Center,65.64999999999999,53,21,32,4,95,355,454,254,12,242,2,95,325,422
Granary District,212.76999999999944,1088,133,955,1177,1009,3995,6181,5075,11,5064,282,465,3132,3879
Harrisville US 89,167.25999999999993,325,16,309,0,0,14,14,722,15,707,0,0,3,3
Herriman Porter Rockwell Center,308.16999999999985,1,1,0,23,1,27,51,958,1,957,23,492,274,789
Herriman Town Center,368.8700000000011,2031,736,1295,144,989,717,1850,3105,734,2371,194,1521,2052,3767
Highberry Center,270.03000000000003,1276,3,1273,270,1506,2104,3880,2918,30,2888,281,1712,2183,4176
Highland,181.44,312,106,206,9,313,693,1015,411,116,295,14,417,1153,1584
Highlands Loop Center,181.27000000000004,831,0,831,7,448,218,673,979,51,928,22,963,1103,2088
Highline,270.87999999999994,1174,0,1174,47,81,1362,1490,2411,0,2411,90,113,2506,2709
Hillcrest,447.63999999999925,2348,554,1794,228,1064,1867,3159,2707,673,2034,233,1073,2123,3429
Historic Magna Main Street,18.79,41,19,22,49,40,345,434,148,3,145,19,40,353,412
Historic Sandy Station,42.22999999999996,165,82,83,27,105,117,249,307,55,252,7,151,145,303
Holladay City Center,192.04999999999995,762,27,735,175,653,3200,4028,2558,632,1926,146,949,4468,5563
Holladay Crossroads,20.859999999999996,0,0,0,24,225,690,939,283,0,283,3,100,516,619
Hunter Town Center,69.16,48,22,26,0,372,260,632,538,6,532,0,549,203,752
Hwy 89 & Gordon Town Center,35.910000000000004,0,0,0,4,0,8,12,147,69,78,0,10,102,112
Independence,641.4099999999974,2368,1018,1350,623,212,1355,2190,5235,1187,4048,414,587,1983,2984
International Center,1470.1100000000001,0,0,0,9045,907,11658,21610,0,0,0,9505,793,12825,23123
Ivy Place Center,36.72,1,1,0,49,401,829,1279,22,0,22,32,559,1073,1664
Jordan Bluffs,246.85999999999987,581,0,581,0,0,0,0,3555,0,3555,360,510,1551,2421
Jordan Landing,261.9099999999998,0,0,0,3,2976,2579,5558,0,0,0,3,3935,3718,7656
Jordan Valley,140.98000000000002,499,0,499,273,187,1242,1702,1204,1,1203,248,338,1517,2103
Kaysville Business Park,222.14999999999998,14,14,0,332,361,1757,2450,253,7,246,250,1002,4068,5320
Kearns Recreation Hub,163.14999999999998,0,0,0,0,182,434,616,0,0,0,0,163,461,624
Kearns Town Center,32.550000000000004,0,0,0,23,252,607,882,179,0,179,17,297,944,1258
Kearns Warehouse District,101.88000000000001,0,0,0,454,49,78,581,0,0,0,730,400,418,1548
Lake Park Center,536.7,0,0,0,92,92,9486,9670,0,0,0,96,207,10494,10797
Layton Downtown,214.37999999999994,808,47,761,154,636,1305,2095,1702,32,1670,37,1699,3032,4768
Layton Industrial Center,347.2099999999999,3,3,0,2173,240,1081,3494,189,189,0,2061,390,1500,3951
Layton Midtown,834.9700000000034,3184,232,2952,90,6361,6071,12522,10083,23,10060,35,7339,12156,19530
Legacy Crossing,88.58,388,0,388,102,23,1254,1379,751,0,751,119,30,1653,1802
Legacy Gateway,476.86999999999983,92,15,77,72,75,118,265,3216,33,3183,366,362,701,1429
Lehi Main Street,43.77,96,61,35,20,160,754,934,99,53,46,20,162,937,1119
Lindon,721.3600000000005,0,0,0,2487,494,1314,4295,0,0,0,2721,592,2177,5490
Lone Peak Parkway Employment Center,678.3700000000002,58,29,29,4087,1605,7598,13290,486,9,477,3294,3046,10369,16709
Marketview Center,72.39999999999999,360,3,357,0,0,5,5,463,1,462,2,149,1022,1173
Marmalade,156.09999999999997,2014,147,1867,477,326,1496,2299,2675,57,2618,352,443,2180,2975
Marriott-Slaterville Employment District,276.37000000000006,7,7,0,0,0,351,351,49,49,0,5,147,535,687
Meadowbrook Station,308.38,1578,24,1554,934,674,3618,5226,4930,0,4930,417,381,4043,4841
Meadows,433.93,234,37,197,162,3745,2441,6348,479,109,370,176,3834,3817,7827
Midvale Center Station,56.38999999999998,751,3,748,28,138,283,449,715,4,711,28,305,394,727
Midvale Fort Union Station,35.98,111,0,111,0,125,265,390,93,0,93,3,153,387,543
Midvale Main Street,84.29000000000003,240,166,74,234,136,900,1270,798,16,782,108,343,1410,1861
Millcreek 2300 East,2.08,0,0,0,0,0,43,43,2,0,2,0,0,31,31
Millcreek City Center,74.2200000000001,301,16,285,93,716,1922,2731,627,1,626,63,448,2631,3142
Millcreek Station,105.01000000000005,236,74,162,434,396,1527,2357,363,5,358,325,754,2230,3309
Millrock Employment Center,126.09000000000003,0,0,0,116,675,12207,12998,0,0,0,90,1125,13599,14814
Mountain View Village,448.1800000000002,69,14,55,37,584,106,727,1757,13,1744,77,2106,2916,5099
Murray Downtown,711.7799999999972,1657,243,1414,1246,1956,17345,20547,8322,27,8295,475,1389,22440,24304
Murray Industrial District,79.05999999999987,18,14,4,395,83,606,1084,18,14,4,401,77,655,1133
Murray Medical Park,95.04999999999983,60,26,34,35,1153,1455,2643,58,17,41,30,1392,1851,3273
Newgate Center,426.0500000000011,644,407,237,305,3444,6483,10232,679,396,283,304,4032,8154,12490
Non-center,706500.3900007164,711456,524768,186688,67488,91843,400437,559768,1115711,834193,281518,90116,132141,615915,838172
North Ogden Downtown,336.42,918,187,731,5,827,1054,1886,1602,130,1472,56,1319,1826,3201
North Ogden Southtown,158.32000000000002,139,21,118,14,165,483,662,816,4,812,35,266,994,1295
North Park,124.32000000000004,0,0,0,2,1520,1190,2712,0,0,0,2,1589,1468,3059
North Salt Lake / Woods Cross Industrial District,1423.4599999999994,150,16,134,6084,488,3222,9794,150,16,134,5972,516,3911,10399
North Salt Lake Town Center,166.65000000000003,1368,42,1326,58,123,417,598,2276,8,2268,13,403,642,1058
North Shore,14.15,1,1,0,0,0,0,0,83,1,82,0,0,0,0
North Station,241.82,5,5,0,3,1,4,8,2183,103,2080,106,517,2074,2697
North Temple Center,465.59000000000043,2089,85,2004,1289,819,5373,7481,5171,5,5166,1450,756,7562,9768
Oakwood Village Center,128.09999999999997,810,2,808,52,600,3140,3792,1004,0,1004,29,561,3007,3597
Ogden 12th Street,167.55999999999995,452,50,402,83,1135,1712,2930,613,39,574,95,1218,1837,3150
Ogden Airport Industrial District,1107.7399999999998,55,43,12,4740,544,2953,8237,56,44,12,4545,505,3172,8222
Ogden Downtown,564.4500000000014,3153,462,2691,482,2705,17247,20434,4986,387,4599,520,2898,21474,24892
Ogden Harrison Boulevard North,116.80000000000003,669,16,653,17,182,2218,2417,726,22,704,15,174,2308,2497
Ogden Harrison Boulevard South,173.83999999999997,430,7,423,10,550,6080,6640,580,3,577,9,483,6864,7356
Ogden-Hinckley Airport Center,596.68,0,0,0,3175,22,49,3246,0,0,0,3083,21,104,3208
Old Mill,262.34,0,0,0,25,4,3,32,1919,0,1919,11,141,368,520
Olympia Hills,882.77,1,1,0,0,0,0,0,12667,6334,6333,12,71,3106,3189
Olympus Hills Center,23.43,0,0,0,5,300,343,648,159,0,159,6,394,606,1006
Oquirrh View Center,35.370000000000005,155,0,155,0,0,32,32,197,38,159,0,0,38,38
Orchard Drive 2200 South,22.29,163,0,163,23,215,539,777,290,0,290,4,149,479,632
Orem-1600 North,91.09,215,112,103,81,285,596,962,221,111,110,82,269,603,954
Orem-800 North,156.1900000000002,622,37,585,152,582,1619,2353,721,41,680,162,601,1772,2535
Orem-Center Street,206.98000000000022,902,99,803,38,1102,2686,3826,1331,226,1105,26,676,1769,2471
Pages Lane Center,57.51000000000001,551,107,444,28,82,601,711,620,107,513,7,54,542,603
Parleys Foothill Center,21.59,0,0,0,1,247,859,1107,109,0,109,1,193,559,753
Payson Industrial,319.8400000000004,4,4,0,1256,129,119,1504,4,4,0,1364,162,287,1813
Payson Main Street,214.81000000000012,388,190,198,65,743,784,1592,623,268,355,83,968,1247,2298
Plain City Gateway,46.96000000000001,1,1,0,0,0,0,0,174,0,174,10,2,12,24
Plain City Market Center,11.07,0,0,0,11,141,179,331,8,0,8,11,150,190,351
Pleasant Green,98.91999999999999,396,129,267,19,572,580,1171,1820,41,1779,1,369,371,741
Pleasant Grove,283.4500000000006,1039,1,1038,426,488,1558,2472,1039,1,1038,428,461,1579,2468
Pleasant View 2700 North,435.61,519,20,499,693,216,1188,2097,1344,12,1332,1083,425,2022,3530
Pleasant View Employment Center,455.91999999999996,4,4,0,160,46,137,343,4,4,0,531,281,696,1508
Pleasant View Industrial Center,537.5200000000001,0,0,0,2986,34,400,3420,0,0,0,2960,30,553,3543
Porter Rockwell,593.3400000000001,0,0,0,60,0,47,107,1663,0,1663,12,342,713,1067
Provo Airport,936.28,0,0,0,116,16,165,297,0,0,0,2,26,889,917
Quarry Bend Center,157.13,764,0,764,4,1008,961,1973,917,2,915,2,1195,653,1850
Redwood Center,134.84,0,0,0,127,0,2,129,0,0,0,389,12,177,578
Renaissance Towne Center,30.48,122,3,119,41,260,859,1160,314,0,314,32,282,962,1276
Research Park,312.88,380,0,380,142,444,8008,8594,5080,0,5080,150,1077,12590,13817
River Park,152.08,11,11,0,169,747,5433,6349,47,13,34,158,714,5987,6859
River Trail Station,111.22000000000004,1,1,0,298,75,2336,2709,1,1,0,212,93,3152,3457
Riverdale City Center,391.87,319,13,306,17,2535,348,2900,980,11,969,283,4584,1259,6126
Riverwoods,267.1500000000003,108,3,105,287,444,6709,7440,157,1,156,310,417,7623,8350
Roper Yards,845.2099999999999,0,0,0,3320,400,2002,5722,0,0,0,3378,376,2243,5997
Rose Park Center,25.770000000000007,63,3,60,11,282,226,519,92,0,92,8,326,191,525
Roy Downtown,321.84,1132,168,964,33,1195,3224,4452,1454,146,1308,28,1290,4084,5402
Roy Station,259.40999999999997,844,13,831,109,38,1120,1267,867,15,852,147,63,1458,1668
S-Line Center,31.43,997,1,996,122,68,56,246,1019,0,1019,101,89,120,310
SLCC/RSL,215.47,0,0,0,0,0,0,0,86,0,86,1,4,26,31
SW Salt Lake Employment District,814.9599999999991,0,0,0,0,0,0,0,1192,1192,0,79,542,851,1472
Salem,58.81999999999997,35,26,9,34,360,997,1391,40,31,9,37,337,1018,1392
Salt Lake 15th and 15th,1.41,1,1,0,1,46,37,84,1,1,0,1,41,40,82
Salt Lake 900 West,32.41,270,110,160,12,58,225,295,398,16,382,22,202,137,361
Salt Lake City CBD,785.0199999999983,7256,10,7246,1828,14233,65499,81560,14030,2,14028,1871,24260,110187,136318
Salt Lake City East Downtown,233.38000000000022,4386,114,4272,455,2787,16011,19253,7784,5,7779,269,2505,23866,26640
Salt Lake City Northwest Quadrant,17273.440000000202,15,15,0,45100,4381,26089,75570,23,12,11,60175,12132,80120,152427
Salt Lake Foothill Center,15.57,0,0,0,9,391,1638,2038,0,0,0,9,355,1692,2056
Salt Lake International Airport,6520.990000000003,0,0,0,8236,1038,4283,13557,0,0,0,8046,1481,10880,20407
Sandy Crescent View Station,5.04,0,0,0,0,0,0,0,0,0,0,0,0,0,0
Sandy Union Park,76.79999999999997,273,1,272,4,482,2870,3356,847,0,847,2,573,2306,2881
Sandy Village Center,111.32000000000023,329,2,327,106,579,3560,4245,347,0,347,80,1163,4111,5354
Scera Park,65.94000000000001,266,8,258,19,171,1151,1341,283,21,262,19,169,1302,1490
Sheep Lane Employment District,393.8900000000001,0,0,0,18,2,68,88,84,72,12,76,862,1214,2152
SoDa Row,25.909999999999997,235,1,234,6,84,1374,1464,265,1,264,7,84,1597,1688
Sorenson Research Park,127.93000000000004,603,0,603,602,647,3348,4597,603,0,603,558,1402,3707,5667
South Jordan Gateway,296.02000000000004,699,0,699,1472,1397,4077,6946,1145,0,1145,1510,1238,4183,6931
South Jordan Towne Center,344.9500000000001,548,107,441,2772,1124,2533,6429,2862,61,2801,4081,870,2935,7886
South Ogden City Center,186.73999999999995,511,267,244,13,1223,2144,3380,543,206,337,16,1452,3322,4790
South Ogden Gateway,289.77000000000055,1700,154,1546,22,733,3249,4004,1852,154,1698,18,695,3618,4331
South Ogden US 89,121.01000000000005,652,0,652,91,51,737,879,670,0,670,78,42,676,796
South Salt Lake State Street,90.21999999999997,184,42,142,173,747,2047,2967,709,2,707,119,835,3017,3971
South Valley Airport,743.2799999999977,0,0,0,10,0,15,25,0,0,0,11,2,27,40
Spanish Fork Industrial,525.2599999999999,3,3,0,2213,267,1127,3607,3,3,0,2815,847,1982,5644
Spanish Fork Main Street,43.50000000000002,63,57,6,17,299,1023,1339,85,66,19,17,285,1082,1384
Spanish Fork West,61.18000000000001,1,1,0,0,0,0,0,749,6,743,0,79,33,112
Springville Industrial Park,1113.529999999999,11,8,3,4212,393,1552,6157,21,19,2,5023,412,2230,7665
St. Marks Hospital,57.63000000000014,0,0,0,80,108,4382,4570,0,0,0,80,101,4605,4786
Station Park,247.73000000000013,622,39,583,10,2131,2278,4419,1910,56,1854,13,2740,3173,5926
Sugarhouse,172.64000000000024,1774,74,1700,216,2698,4481,7395,2607,7,2600,115,2733,7774,10622
Summit Vista Center,117.21999999999998,0,0,0,0,0,149,149,386,8,378,0,149,785,934
Sunset SR 126,141.86000000000007,180,113,67,110,250,774,1134,949,30,919,94,456,1465,2015
Syracuse City Center,274.00999999999993,169,90,79,43,644,1665,2352,2144,23,2121,19,663,2086,2768
Syracuse SR 193 Center,512.6499999999997,111,111,0,0,0,196,196,4550,38,4512,244,1039,3127,4410
Taylor's Landing,14.7,0,0,0,0,31,257,288,0,0,0,0,55,675,730
Taylorsville Employment Center,108.89999999999999,0,0,0,0,86,2683,2769,0,0,0,0,76,2751,2827
Taylrosville West Point Center,54.550000000000004,99,0,99,125,220,613,958,230,0,230,118,270,1312,1700
Thanksgiving Point,803.3599999999996,1124,302,822,1283,2399,12181,15863,2089,344,1745,1326,2459,14136,17921
The Cairns,963.4699999999982,2394,221,2173,2014,6798,15001,23813,9511,21,9490,800,8206,22089,31095
The District,216.16000000000008,1529,0,1529,7,2075,1028,3110,2180,0,2180,11,1587,1472,3070
The Point,825.7900000000004,0,0,0,422,98,2223,2743,7770,0,7770,436,1987,22570,24993
Timpanogos,559.8899999999998,1,1,0,531,441,3870,4842,1,1,0,733,479,5240,6452
Trailside Center,12.12,0,0,0,0,0,0,0,69,0,69,0,119,89,208
UVU,243.73000000000002,194,10,184,0,41,6052,6093,209,20,189,0,23,6047,6070
UVU West,33.73,2,2,0,30,85,505,620,8,8,0,34,77,508,619
Union Park,468.2999999999997,3466,74,3392,232,4272,7032,11536,3838,30,3808,132,6950,8408,15490
University Center,577.4399999999991,1938,73,1865,175,6406,8531,15112,2696,81,2615,172,6212,10649,17033
University Gardens,20.609999999999996,216,21,195,0,406,49,455,274,8,266,0,370,68,438
University of Utah,934.8799999999999,574,0,574,1829,1568,35047,38444,974,0,974,1949,1731,40241,43921
Village Green Center,32.38,328,4,324,14,54,77,145,282,1,281,14,43,142,199
Vineyard,434.4799999999998,543,176,367,46,10,262,318,1365,181,1184,843,15,3641,4499
Vista Station,284.7799999999999,1369,0,1369,9,2800,3916,6725,1974,18,1956,31,2920,5134,8085
Washington Terrace US 89,169.28999999999996,63,2,61,10,47,2807,2864,286,0,286,14,87,3502,3603
Weber State University,302.73000000000013,152,152,0,38,83,2770,2891,172,172,0,38,72,3794,3904
Weber State University Davis,381.1000000000002,1643,31,1612,34,123,1269,1426,2007,21,1986,36,88,1302,1426
West 12th Street,79.46000000000001,4,4,0,0,0,0,0,398,3,395,0,2,0,2
West Bountiful Industrial District,144.74000000000004,3,3,0,90,12,23,125,2,2,0,88,14,36,138
West Central Employment District,151.67999999999995,0,0,0,1205,69,528,1802,0,0,0,1043,430,1163,2636
West Davis Business Center,162.9200000000001,0,0,0,0,0,0,0,46,46,0,14,438,1643,2095
West Haven City Center,583.8699999999994,639,32,607,838,269,767,1874,2847,9,2838,1061,289,1578,2928
West Haven Midland Drive,430.1700000000006,1314,560,754,0,282,596,878,2482,554,1928,25,445,1054,1524
West Jordan City Center,415.9599999999995,627,106,521,537,562,2525,3624,3259,26,3233,846,579,4854,6279
West Jordan Education Center,82.28999999999999,0,0,0,0,0,0,0,0,0,0,0,0,0,0
West Jordan Industrial District,2672.280000000012,0,0,0,4014,170,2345,6529,263,263,0,5423,941,9664,16028
West Layton Town Center,32.94,0,0,0,0,0,0,0,227,0,227,0,103,30,133
West Ogden Center,146.42,392,304,88,202,3,357,562,701,244,457,359,19,590,968
West Orem,188.08000000000015,0,0,0,1593,157,795,2545,1,1,0,1631,173,846,2650
West Point City Center,225.8300000000001,140,63,77,2,365,193,560,2145,52,2093,56,1113,2367,3536
West Point West Davis,67.70000000000002,6,3,3,0,0,3,3,259,3,256,12,198,614,824
West Riverdale Center,108.46999999999998,3,3,0,86,17,1961,2064,2,2,0,380,49,5915,6344
West Roy Center,40.76999999999999,0,0,0,1,438,518,957,52,0,52,2,425,591,1018
West Valley 6200 South 5600 West,87.38999999999999,0,0,0,0,510,268,778,564,0,564,0,758,376,1134
West Valley Redwood Center,315.7900000000001,2329,67,2262,218,820,1509,2547,4676,58,4618,225,1381,3329,4935
West Warren Center,20.5,9,9,0,0,0,0,0,15,7,8,0,0,0,0
West Weber,51.23,3,3,0,0,8,6,14,109,1,108,0,7,8,15
West Weber Industrial Center,7251.579999999972,0,0,0,321,0,10,331,0,0,0,996,11,823,1830
Westpointe Center,389.6399999999998,5,5,0,1934,232,1192,3358,4,4,0,1956,416,1410,3782
Wheeler Village,16.28,1,1,0,0,10,2,12,56,0,56,10,29,27,66
Woods Cross Business Park,45.4,0,0,0,102,3,6,111,0,0,0,137,27,56,220
Woods Cross Station,24.959999999999994,0,0,0,28,92,300,420,91,0,91,13,94,346,453
